        16        6.8        6.2        7.3
        24        7.6        7.1        8.1
        32        8.1        7.5        8.4
        40        7.4        6.3        9.0
        48        7.8        7.4        8.1
        56        8.1        7.7        8.5
        64        8.5        8.1        9.1
        72        8.6        8.3        8.9
        80        9.3        8.4       10.1
        88       10.7        9.1       12.2
        96       11.6        9.6       12.9
       104       11.6       10.1       12.4
       112       13.7       11.8       15.1
       120       19.6       17.8       21.7
       128       12.3       11.3       13.3
       136       22.7       19.8       26.1
       144       24.4       19.2       26.6
       152       26.7       25.2       27.8
       160       28.0       25.9       29.3
       168       29.1       25.8       31.6
       176       29.5       27.7       31.0
       184       32.3       30.8       34.2
       192       34.7       33.8       36.4
       200       37.4       36.0       38.5
       208       40.0       37.6       41.0
       216       40.3       38.7       42.1
       224       42.1       40.7       43.1
       232       42.3       39.1       47.5
       240       43.5       37.6       49.4
       248       45.8       40.0       49.1
       256       25.2       21.5       27.9
       264       51.6       47.3       54.0
       272       51.3       48.4       54.7
       280       51.4       43.7       59.0
       288       56.1       45.8       63.3
       296       62.7       59.7       65.0
       304       63.3       58.5       65.4
       312       65.6       62.9       70.0
       320       67.3       60.5       73.8
       328       70.4       62.5       77.7
       336       71.8       62.9       79.6
       344       71.1       57.5       78.4
       352       71.7       61.9       86.9
       360       78.8       69.4       89.9
       368       68.3       65.5       71.5
       376       77.5       73.6       82.8
       384       79.8       67.7       90.5
       392       79.5       71.8       91.0
       400       79.6       74.3       85.6
       408       81.6       66.4       91.0
       416       80.7       69.0       89.6
       424       86.5       74.5       96.7
       432       78.8       71.4       95.4
       440       88.4       73.2       98.2
       448       80.4       74.4       84.3
       456       82.6       69.4       99.8
       464       99.1       91.0      106.8
       472      101.9       97.1      108.8
       480      102.5       99.7      106.0
       488      102.4       99.4      106.6
       496       96.5       85.3      106.2
       504       97.6       88.0      104.2
       512       51.8       44.8       58.1
